config                        n t.total med     min     max reps med r2+ med  witness   hints  enc+com   arith subb peakGiB valid
base_v3_p4_16k                4      0.1678  0.1626  0.1753   0.1678  0.1608   0.0478  0.0461   0.0244  0.0824   13    5.19 passed
base_v3x4_p2_16k              1      0.2046  0.2046  0.2046   0.2022  0.1971   0.0849  0.0806   0.0516  0.0636    4   10.91 passed
fu_v2x4_p4_16k                5      0.1118  0.0701  0.1163   0.1035  0.1026   0.0029  0.0016   0.0130  0.0953    4    2.79 passed
fu_v3_p4_16k                  6      0.1405  0.1366  0.1538   0.1395  0.1366   0.0073  0.0045   0.0349  0.0886   13    4.24 passed
fu_v3x4_p2_16k                6      0.1690  0.1599  0.1830   0.1672  0.1592   0.0138  0.0081   0.0668  0.0846    4    9.37 passed
fu_v3x4_p2_16k_4095           1      0.1091  0.1091  0.1091   0.1093  0.1078   0.0119  0.0063   0.0519  0.0427    3    9.37 passed
fu_v3x4_p2_8k                 3      0.1513  0.1276  0.1715   0.1512  0.1264   0.0140  0.0088   0.0530  0.0710    7    4.69 passed
fu_v3x4_p4_16k                5      0.1603  0.1479  0.1777   0.1603  0.1478   0.0129  0.0072   0.0867  0.0562    4   16.22 passed
fu_v3x4_p4_16k_4095           1      0.1342  0.1342  0.1342   0.1340  0.1242   0.0091  0.0047   0.0637  0.0569    3   12.41 passed
fu_v3x4_p4_16k_dump           1      0.1600  0.1600  0.1600   0.1600  0.1603   0.0126  0.0075   0.0826  0.0617    4   16.22 passed
fu_v3x4_p4_4k                 5      0.1142  0.1132  0.6044   0.1142  0.1112   0.0086  0.0063   0.0385  0.0609   13    4.12 passed
fu_v3x4_p4_8k                 3      0.1323  0.1207  0.4866   0.1306  0.1162   0.0103  0.0067   0.0535  0.0639    7    8.16 passed
fu_v3x4_p8_4k                 4      0.1119  0.1074  0.7521   0.1275  0.1085   0.0070  0.0047   0.0328  0.0725   13    7.96 passed
to_v2x4_p4_16k                4      0.1050  0.1010  0.1192   0.1088  0.1016   0.0131  0.0124   0.0090  0.0809    4    3.28 passed
to_v3_p4_16k                  5      0.1715  0.1697  0.1724   0.1715  0.1652   0.0509  0.0492   0.0240  0.0828   13    5.19 passed
to_v3x4_p2_16k                5      0.2103  0.2034  0.2252   0.2069  0.1987   0.0919  0.0877   0.0558  0.0623    4   10.91 passed
to_v3x4_p4_4k                 4      0.2251  0.2164  0.7906   0.2213  0.2095   0.1361  0.1343   0.0274  0.0527   13    5.06 passed
